data_sample:
  AA17: 240.44053649902344
  AA18: 965.4638671875
  AA19: 961.7621459960938
  AA20: 888077
  AA21: 79706.90625
  AA22: 392281.65625
  AA23: 486379
  AA24: 2.576596736907959
  AB17: 234.94024658203125
  AB18: 955.3402099609375
  AB19: 939.760986328125
  AB20: 905509
  AB21: 79520.09375
  AB22: 376665.5
  AB23: 473957.46875
  AB24: 2.564022302627564
  AC17: 240.65753173828125
  AC18: 956.7325439453125
  AC19: 962.630126953125
  AC20: 910074
  AC21: 78656.234375
  AC22: 367932.59375
  AC23: 436266
  AC24: 2.563867330551148
  AD17: 244.769287109375
  AD18: 960.8076171875
  AD19: 979.0771484375
  AD20: 864497
  AD21: 82552.578125
  AD22: 335549.75
  AD23: 418456
  AD24: 2.596183776855469
  AE17: 239.0762481689453
  AE18: 959.4432983398438
  AE19: 956.3049926757812
  AE20: 964735
  AE21: 83926.0078125
  AE22: 353485.84375
  AE23: 423065.5
  AE24: 2.636713027954102
  AF17: 237.9830780029297
  AF18: 962.4861450195312
  AF19: 951.9323120117188
  AF20: 951298
  AF21: 85729.078125
  AF22: 333017.28125
  AF23: 375459
  AF24: 2.628951072692871
  AG17: 239.9556121826172
  AG18: 961.7842407226562
  AG19: 959.8224487304688
  AG20: 932617
  AG21: 88160.1953125
  AG22: 324605.5
  AG23: 360714
  AG24: 2.681182622909546
  AH17: 238.0694122314453
  AH18: 955.0843505859375
  AH19: 952.2776489257812
  AH20: 920347
  AH21: 90300.109375
  AH22: 328295.46875
  AH23: 367432.5
  AH24: 2.690957069396973
  S17: 243.58688354492188
  S18: 981.8154296875
  S19: 974.3475341796875
  S20: 671326
  S21: null
  S22: 417895.8125
  S23: 507579.5
  S24: 2.540113925933838
  T17: 242.791015625
  T18: 976.6210327148438
  T19: 971.1640625
  T20: 659110
  T21: null
  T22: 382527.28125
  T23: 467265
  T24: 2.556509494781494
  U17: 245.53134155273438
  U18: 979.336181640625
  U19: 982.1253662109375
  U20: 657656
  U21: null
  U22: 383177.8125
  U23: 480897.5
  U24: 2.54644775390625
  V17: 234.80374145507812
  V18: 966.7130126953125
  V19: 939.2149658203125
  V20: 698109
  V21: 83819.296875
  V22: 376420.0625
  V23: 499018.5
  V24: 2.531107902526856
  W17: 243.1981658935547
  W18: 966.32421875
  W19: 972.7926635742188
  W20: 723673
  W21: 82227.984375
  W22: 368261.6875
  W23: 472664.5
  W24: 2.542474031448364
  X17: 245.06390380859375
  X18: 968.59716796875
  X19: 980.255615234375
  X20: 742352
  X21: 80773.09375
  X22: 363038.25
  X23: 469867.5
  X24: 2.551462650299072
  Y17: 239.26527404785156
  Y18: 962.3310546875
  Y19: 957.0610961914062
  Y20: 773681
  Y21: 79567.2265625
  Y22: 368659
  Y23: 452536.5
  Y24: 2.574562549591064
  Z17: 240.69418334960938
  Z18: 968.2215576171875
  Z19: 962.7767333984375
  Z20: 850985
  Z21: 79070.2421875
  Z22: 380063.65625
  Z23: 462964
  Z24: 2.564170598983765

