data_sample:
  D10: 507579.5
  D11: 2.540113925933838
  D4: 243.58688354492188
  D5: 981.8154296875
  D6: 974.3475341796875
  D7: 671326
  D8: null
  D9: 417895.8125
  E10: 467265
  E11: 2.556509494781494
  E4: 242.791015625
  E5: 976.6210327148438
  E6: 971.1640625
  E7: 659110
  E8: null
  E9: 382527.28125
  F10: 480897.5
  F11: 2.54644775390625
  F4: 245.53134155273438
  F5: 979.336181640625
  F6: 982.1253662109375
  F7: 657656
  F8: null
  F9: 383177.8125
  G10: 499018.5
  G11: 2.531107902526856
  G4: 234.80374145507812
  G5: 966.7130126953125
  G6: 939.2149658203125
  G7: 698109
  G8: 83819.296875
  G9: 376420.0625
  H10: 472664.5
  H11: 2.542474031448364
  H4: 243.1981658935547
  H5: 966.32421875
  H6: 972.7926635742188
  H7: 723673
  H8: 82227.984375
  H9: 368261.6875
  I10: 469867.5
  I11: 2.551462650299072
  I4: 245.06390380859375
  I5: 968.59716796875
  I6: 980.255615234375
  I7: 742352
  I8: 80773.09375
  I9: 363038.25
  J10: 452536.5
  J11: 2.574562549591064
  J4: 239.26527404785156
  J5: 962.3310546875
  J6: 957.0610961914062
  J7: 773681
  J8: 79567.2265625
  J9: 368659
  K10: 462964
  K11: 2.564170598983765
  K4: 240.69418334960938
  K5: 968.2215576171875
  K6: 962.7767333984375
  K7: 850985
  K8: 79070.2421875
  K9: 380063.65625
  L10: 486379
  L11: 2.576596736907959
  L4: 240.44053649902344
  L5: 965.4638671875
  L6: 961.7621459960938
  L7: 888077
  L8: 79706.90625
  L9: 392281.65625
  M10: 473957.46875
  M11: 2.564022302627564
  M4: 234.94024658203125
  M5: 955.3402099609375
  M6: 939.760986328125
  M7: 905509
  M8: 79520.09375
  M9: 376665.5
  N10: 436266
  N11: 2.563867330551148
  N4: 240.65753173828125
  N5: 956.7325439453125
  N6: 962.630126953125
  N7: 910074
  N8: 78656.234375
  N9: 367932.59375
  O10: 418456
  O11: 2.596183776855469
  O4: 244.769287109375
  O5: 960.8076171875
  O6: 979.0771484375
  O7: 864497
  O8: 82552.578125
  O9: 335549.75
  P10: 423065.5
  P11: 2.636713027954102
  P4: 239.0762481689453
  P5: 959.4432983398438
  P6: 956.3049926757812
  P7: 964735
  P8: 83926.0078125
  P9: 353485.84375
  Q10: 375459
  Q11: 2.628951072692871
  Q4: 237.9830780029297
  Q5: 962.4861450195312
  Q6: 951.9323120117188
  Q7: 951298
  Q8: 85729.078125
  Q9: 333017.28125
  R10: 360714
  R11: 2.681182622909546
  R4: 239.9556121826172
  R5: 961.7842407226562
  R6: 959.8224487304688
  R7: 932617
  R8: 88160.1953125
  R9: 324605.5
  S10: 367432.5
  S11: 2.690957069396973
  S4: 238.0694122314453
  S5: 955.0843505859375
  S6: 952.2776489257812
  S7: 920347
  S8: 90300.109375
  S9: 328295.46875

